Site_ID 650
Computation_type 2
Mean -8.08076 -3.02636
Standard_Deviation 6.79533 5.04466
Correction_Coefficient 0.764286 0.875492
Reflection_count 2
Transmission_count 1
Diffraction_count 0
RT_BeamNum 0
RT_Radius 1

    ID              X              Y              Z            PCI      Real(dBm)      Sium(dBm)              
    0   801038.60   348278.96        1.50    2    -88.6756    -86.9405           
    1   801045.59   348290.97        1.50    2    -85.7766    -86.4998           
    2   801050.21   348304.18        1.50    2    -86.8647    -86.0311           
    3   801056.29   348316.80        1.50    2    -87.1678    -85.5499           
    4   801060.18   348330.08        1.50    2    -86.7331    -85.0516           
    5   800958.07   348427.87        1.50    2    -88.3979    -81.5968           
    6   800986.94   348458.26        1.50    2    -85.1408    -74.7462           
    7   800997.85   348467.08        1.50    2    -84.1150    -75.3008           
    8   801008.33   348476.38        1.50    2    -82.8003    -76.4034           
    9   801018.76   348485.73        1.50    2    -84.4010    -76.6657           
   10   801079.34   348543.95        1.50    2    -75.5505    -68.2094           
   11   801090.70   348552.17        1.50    2    -74.8411    -59.4131           
   12   801135.52   348551.99        1.50    2    -64.5105    -67.8053           
   13   801132.47   348538.36        1.50    2    -66.7091    -70.3692           
   14   801127.30   348525.33        1.50    2    -68.7427    -70.1585           
   15   801121.20   348512.73        1.50    2    -70.1422    -70.8300           
   16   801103.15   348475.06        1.50    2    -75.4164    -70.8362           
   17   801082.54   348438.74        1.50    2    -79.7589    -74.1087           
   18   801078.31   348425.53        1.50    2    -81.8475    -75.4227           
   19   801075.53   348411.83        1.50    2    -78.5002    -77.5812           
   20   801059.89   348331.31        1.50    2    -88.4721    -85.0114           
   21   801053.85   348318.46        1.50    2    -86.5231    -85.5196           
   22   801048.37   348305.04        1.50    2    -90.9615    -86.0225           
   23   801042.89   348291.62        1.50    2    -91.0615    -86.5074           
   24   801037.40   348278.20        1.50    2    -89.7025    -86.9757           
   25   801162.12   348206.83        1.50    2    -89.2988    -90.0394           
   26   801170.12   348195.53        1.50    2    -87.6266    -90.2322           
   27   801036.44   348267.32        1.50    2    -91.6323    -87.3087           
   28   801036.03   348279.61        1.50    2    -89.0581    -86.9474           
   29   801042.02   348292.28        1.50    2    -84.6931    -86.4959           
   30   801047.70   348305.05        1.50    2    -88.0629    -86.0292           
   31   801053.86   348317.62        1.50    2    -88.4579    -85.5478           
   32   801059.91   348330.28        1.50    2    -87.9396    -85.0475           
   33   801065.08   348343.29        1.50    2    -82.8285    -84.5252           
   34   801070.69   348356.15        1.50    2    -83.0934    -83.9831           
   35   801076.16   348369.05        1.50    2    -79.2638    -83.4189           
   36   801081.70   348381.94        1.50    2    -77.8252    -82.9854           
   37   801087.46   348394.72        1.50    2    -77.9726    -76.0172           
   38   801092.96   348407.61        1.50    2    -80.8484    -77.9070           
   39   801098.30   348420.54        1.50    2    -80.5338    -75.9589           
   40   801104.28   348433.19        1.50    2    -75.5080    -80.2763           
   41   801110.03   348445.95        1.50    2    -75.5230    -79.5371           
   42   801117.08   348458.04        1.50    2    -73.8578    -78.7916           
   43   801123.83   348470.32        1.50    2    -73.3607    -71.5899           
   44   801128.19   348483.52        1.50    2    -71.0683    -70.6433           
   45   801132.71   348496.78        1.50    2    -69.7046    -68.7968           
   46   801138.27   348509.57        1.50    2    -68.9421    -68.0741           
   47   801142.59   348522.78        1.50    2    -67.4767    -71.2192           
   48   801146.70   348535.57        1.50    2    -63.9055    -62.3057           
   49   801142.81   348547.11        1.50    2    -66.6209    -60.4099           
   50   801077.68   348529.85        1.50    2    -78.9505    -69.0860           
   51   801037.53   348491.13        1.50    2    -83.9143    -74.1187           
   52   801029.46   348479.85        1.50    2    -83.9578    -74.2571           
   53   801019.72   348470.15        1.50    2    -83.4007    -77.2945           
   54   801006.54   348465.48        1.50    2    -85.6062    -79.8069           
   55   800995.23   348457.45        1.50    2    -87.4903    -75.2236           
   56   800984.53   348429.11        1.50    2    -84.2964    -80.7680           
   57   801064.87   348339.09        1.50    2    -87.7787    -84.6805           
   58   801072.04   348350.96        1.50    2    -83.0601    -84.1662           
   59   801077.85   348363.72        1.50    2    -79.1360    -83.6131           
   60   801083.34   348376.61        1.50    2    -79.9616    -83.2156           
   61   801088.35   348389.67        1.50    2    -80.6967    -82.6108           
   62   801092.76   348402.94        1.50    2    -79.5011    -77.6041           
   63   801076.53   348421.43        1.50    2    -88.6978    -75.3738           
   64   801063.54   348426.66        1.50    2    -90.9349    -74.4900           
   65   801050.35   348431.38        1.50    2    -89.7081    -76.9882           
   66   801010.47   348444.63        1.50    2    -83.3343    -76.1529           
   67   800998.72   348451.92        1.50    2    -83.2758    -77.7945           
   68   800998.22   348464.91        1.50    2    -83.6654    -74.7502           
   69   801006.78   348475.91        1.50    2    -83.6539    -74.0600           
   70   801013.18   348488.38        1.50    2    -82.6752    -78.8535           
   71   801093.76   348583.37        1.50    2    -67.3402    -54.6788           
   72   801106.92   348588.02        1.50    2    -65.5715    -54.2305           
   73   801120.75   348589.79        1.50    2    -65.0535    -52.4511           
   74   801134.64   348589.30        1.50    2    -66.2543    -56.6148           
   75   801145.84   348594.31        1.50    2    -58.4335    -58.6624           
   76   801144.59   348603.26        1.50    2    -49.2497    -55.8890           
   77   801130.74   348605.16        1.50    2    -53.2186    -54.7936           
   78   801117.08   348608.29        1.50    2    -53.4353    -53.2432           
   79   801076.43   348619.00        1.50    2    -57.5819    -54.2083           
   80   801062.75   348622.21        1.50    2    -57.5667    -53.0025           
   81   801049.07   348625.24        1.50    2    -59.7982    -55.8777           
   82   801035.34   348627.97        1.50    2    -61.3195    -54.4122           
   83   801021.53   348630.46        1.50    2    -59.0308    -61.7816           
   84   801007.74   348633.18        1.50    2    -63.1091    -65.4195           
   85   800993.95   348635.67        1.50    2    -67.1294    -67.2224           
   86   800952.61   348643.25        1.50    2    -74.7091    -73.6658           
   87   800939.08   348647.04        1.50    2    -72.0136    -72.4146           
   88   800911.69   348653.10        1.50    2    -73.4975    -74.8441           
   89   800870.10   348659.21        1.50    2    -72.6390    -76.7374           
   90   800803.14   348677.69        1.50    2    -80.5940    -77.4575           
   91   800790.06   348682.51        1.50    2    -83.1107    -78.0188           
   92   800777.14   348687.97        1.50    2    -82.5232    -78.5652           
   93   800763.35   348689.23        1.50    2    -84.4405    -82.7663           
   94   800750.61   348683.48        1.50    2    -84.3045    -80.0239           
   95   800705.88   348649.64        1.50    2    -85.6244    -83.0953           
